(kicad_pcb (version 20171130) (host pcbnew 5.1.7-a382d34a8~87~ubuntu18.04.1)

  (general
    (thickness 1.6)
    (drawings 114)
    (tracks 54)
    (zones 0)
    (modules 32)
    (nets 14)
  )

  (page A4)
  (layers
    (0 F.Cu signal)
    (31 B.Cu signal)
    (32 B.Adhes user)
    (33 F.Adhes user)
    (34 B.Paste user)
    (35 F.Paste user)
    (36 B.SilkS user)
    (37 F.SilkS user)
    (38 B.Mask user)
    (39 F.Mask user)
    (40 Dwgs.User user)
    (41 Cmts.User user)
    (42 Eco1.User user)
    (43 Eco2.User user)
    (44 Edge.Cuts user)
    (45 Margin user)
    (46 B.CrtYd user)
    (47 F.CrtYd user)
    (48 B.Fab user)
    (49 F.Fab user hide)
  )

  (setup
    (last_trace_width 0.25)
    (user_trace_width 1)
    (trace_clearance 0.2)
    (zone_clearance 0.508)
    (zone_45_only no)
    (trace_min 0.2)
    (via_size 0.8)
    (via_drill 0.4)
    (via_min_size 0.4)
    (via_min_drill 0.3)
    (uvia_size 0.3)
    (uvia_drill 0.1)
    (uvias_allowed no)
    (uvia_min_size 0.2)
    (uvia_min_drill 0.1)
    (edge_width 0.05)
    (segment_width 0.2)
    (pcb_text_width 0.3)
    (pcb_text_size 1.5 1.5)
    (mod_edge_width 0.12)
    (mod_text_size 1 1)
    (mod_text_width 0.15)
    (pad_size 1.524 1.524)
    (pad_drill 0.762)
    (pad_to_mask_clearance 0.05)
    (aux_axis_origin 0 0)
    (visible_elements FFFFFF7F)
    (pcbplotparams
      (layerselection 0x010fc_ffffffff)
      (usegerberextensions false)
      (usegerberattributes true)
      (usegerberadvancedattributes true)
      (creategerberjobfile true)
      (excludeedgelayer true)
      (linewidth 0.100000)
      (plotframeref false)
      (viasonmask false)
      (mode 1)
      (useauxorigin false)
      (hpglpennumber 1)
      (hpglpenspeed 20)
      (hpglpendiameter 15.000000)
      (psnegative false)
      (psa4output false)
      (plotreference true)
      (plotvalue true)
      (plotinvisibletext false)
      (padsonsilk false)
      (subtractmaskfromsilk false)
      (outputformat 1)
      (mirror false)
      (drillshape 0)
      (scaleselection 1)
      (outputdirectory "fabrication-output/v2/"))
  )

  (net 0 "")
  (net 1 "Net-(C1-Pad1)")
  (net 2 GND)
  (net 3 "Net-(C2-Pad2)")
  (net 4 "Net-(C2-Pad1)")
  (net 5 +12V)
  (net 6 VCC)
  (net 7 "Net-(R1-Pad1)")
  (net 8 "Net-(R2-Pad2)")
  (net 9 "Net-(F1-Pad2)")
  (net 10 "Net-(F2-Pad2)")
  (net 11 "Net-(R4-Pad2)")
  (net 12 "Net-(R5-Pad2)")
  (net 13 "Net-(RV1-Pad1)")

  (net_class Default "This is the default net class."
    (clearance 0.2)
    (trace_width 0.25)
    (via_dia 0.8)
    (via_drill 0.4)
    (uvia_dia 0.3)
    (uvia_drill 0.1)
    (add_net +12V)
    (add_net GND)
    (add_net "Net-(C1-Pad1)")
    (add_net "Net-(C2-Pad1)")
    (add_net "Net-(C2-Pad2)")
    (add_net "Net-(F1-Pad2)")
    (add_net "Net-(F2-Pad2)")
    (add_net "Net-(R1-Pad1)")
    (add_net "Net-(R2-Pad2)")
    (add_net "Net-(R4-Pad2)")
    (add_net "Net-(R5-Pad2)")
    (add_net "Net-(RV1-Pad1)")
    (add_net VCC)
  )

  (module scooter-ps:mousebite (layer F.Cu) (tedit 5FB63191) (tstamp 5FB635DD)
    (at 103.2 35.2 90)
    (fp_text reference REF** (at 3.6 5.2 90) (layer F.SilkS) hide
      (effects (font (size 1 1) (thickness 0.15)))
    )
    (fp_text value mousebite (at -0.1 -6.1 90) (layer F.Fab)
      (effects (font (size 1 1) (thickness 0.15)))
    )
    (fp_arc (start -1 11.8) (end 0 11.8) (angle -53.1) (layer B.Fab) (width 0.12))
    (fp_arc (start 0 10) (end -1 10) (angle -53.13010235) (layer B.Fab) (width 0.12))
    (fp_arc (start -1 -0.8) (end -0.4 -0.000001) (angle -53.13010235) (layer B.Fab) (width 0.12))
    (fp_arc (start 0 1) (end -0.6 0.200001) (angle -53.13010235) (layer B.Fab) (width 0.12))
    (fp_arc (start 0 9) (end 0 8) (angle -90) (layer B.Fab) (width 0.12))
    (fp_arc (start 0 2) (end -1 2) (angle -90) (layer B.Fab) (width 0.12))
    (fp_line (start -1 9) (end -1 10) (layer B.Fab) (width 0.12))
    (fp_line (start -1 1) (end -1 2) (layer B.Fab) (width 0.12))
    (fp_line (start 0 1) (end 0 1) (layer B.Fab) (width 0.12))
    (fp_line (start -0.4 0) (end -0.6 0.200001) (layer B.Fab) (width 0.12))
    (fp_line (start -1 -0.8) (end -1 -0.8) (layer B.Fab) (width 0.12))
    (fp_line (start -0.6 10.8) (end -0.4 11) (layer B.Fab) (width 0.12))
    (fp_line (start -1 11.8) (end -1 11.8) (layer B.Fab) (width 0.12))
    (fp_line (start 0 10) (end 0 10) (layer B.Fab) (width 0.12))
    (fp_line (start 0 2) (end 0 2) (layer B.Fab) (width 0.12))
    (fp_line (start 0 9) (end 0 9) (layer B.Fab) (width 0.12))
    (pad "" thru_hole circle (at -0.4 7.5 90) (size 0.8 0.8) (drill 0.6) (layers *.Cu *.Mask))
    (pad "" thru_hole circle (at -0.4 6.7 90) (size 0.8 0.8) (drill 0.4) (layers *.Cu *.Mask))
    (pad "" thru_hole circle (at -0.4 5.9 90) (size 0.8 0.8) (drill 0.4) (layers *.Cu *.Mask))
    (pad "" thru_hole circle (at -0.4 5.1 90) (size 0.8 0.8) (drill 0.4) (layers *.Cu *.Mask))
    (pad "" thru_hole circle (at -0.4 4.3 90) (size 0.8 0.8) (drill 0.4) (layers *.Cu *.Mask))
    (pad "" thru_hole circle (at -0.4 3.5 180) (size 0.8 0.8) (drill 0.6) (layers *.Cu *.Mask))
  )

  (module scooter-ps:mousebite (layer F.Cu) (tedit 5FB63191) (tstamp 5FB6484E)
    (at 124.2 35.2 90)
    (fp_text reference REF** (at 3.6 5.2 90) (layer F.SilkS) hide
      (effects (font (size 1 1) (thickness 0.15)))
    )
    (fp_text value mousebite (at -0.1 -6.1 90) (layer F.Fab)
      (effects (font (size 1 1) (thickness 0.15)))
    )
    (fp_arc (start -1 11.8) (end 0 11.8) (angle -53.1) (layer B.Fab) (width 0.12))
    (fp_arc (start 0 10) (end -1 10) (angle -53.13010235) (layer B.Fab) (width 0.12))
    (fp_arc (start -1 -0.8) (end -0.4 -0.000001) (angle -53.13010235) (layer B.Fab) (width 0.12))
    (fp_arc (start 0 1) (end -0.6 0.200001) (angle -53.13010235) (layer B.Fab) (width 0.12))
    (fp_arc (start 0 9) (end 0 8) (angle -90) (layer B.Fab) (width 0.12))
    (fp_arc (start 0 2) (end -1 2) (angle -90) (layer B.Fab) (width 0.12))
    (fp_line (start -1 9) (end -1 10) (layer B.Fab) (width 0.12))
    (fp_line (start -1 1) (end -1 2) (layer B.Fab) (width 0.12))
    (fp_line (start 0 1) (end 0 1) (layer B.Fab) (width 0.12))
    (fp_line (start -0.4 0) (end -0.6 0.200001) (layer B.Fab) (width 0.12))
    (fp_line (start -1 -0.8) (end -1 -0.8) (layer B.Fab) (width 0.12))
    (fp_line (start -0.6 10.8) (end -0.4 11) (layer B.Fab) (width 0.12))
    (fp_line (start -1 11.8) (end -1 11.8) (layer B.Fab) (width 0.12))
    (fp_line (start 0 10) (end 0 10) (layer B.Fab) (width 0.12))
    (fp_line (start 0 2) (end 0 2) (layer B.Fab) (width 0.12))
    (fp_line (start 0 9) (end 0 9) (layer B.Fab) (width 0.12))
    (pad "" thru_hole circle (at -0.4 7.5 90) (size 0.8 0.8) (drill 0.6) (layers *.Cu *.Mask))
    (pad "" thru_hole circle (at -0.4 6.7 90) (size 0.8 0.8) (drill 0.4) (layers *.Cu *.Mask))
    (pad "" thru_hole circle (at -0.4 5.9 90) (size 0.8 0.8) (drill 0.4) (layers *.Cu *.Mask))
    (pad "" thru_hole circle (at -0.4 5.1 90) (size 0.8 0.8) (drill 0.4) (layers *.Cu *.Mask))
    (pad "" thru_hole circle (at -0.4 4.3 90) (size 0.8 0.8) (drill 0.4) (layers *.Cu *.Mask))
    (pad "" thru_hole circle (at -0.4 3.5 180) (size 0.8 0.8) (drill 0.6) (layers *.Cu *.Mask))
  )

  (module scooter-ps:mousebite (layer F.Cu) (tedit 5FB63191) (tstamp 5FB64008)
    (at 140.2 39.6)
    (fp_text reference REF** (at 2.4 5) (layer F.SilkS) hide
      (effects (font (size 1 1) (thickness 0.15)))
    )
    (fp_text value mousebite (at -0.1 -6.1) (layer F.Fab)
      (effects (font (size 1 1) (thickness 0.15)))
    )
    (fp_arc (start -1 11.8) (end 0 11.8) (angle -53.1) (layer B.Fab) (width 0.12))
    (fp_arc (start 0 10) (end -1 10) (angle -53.13010235) (layer B.Fab) (width 0.12))
    (fp_arc (start -1 -0.8) (end -0.4 -0.000001) (angle -53.13010235) (layer B.Fab) (width 0.12))
    (fp_arc (start 0 1) (end -0.6 0.200001) (angle -53.13010235) (layer B.Fab) (width 0.12))
    (fp_arc (start 0 9) (end 0 8) (angle -90) (layer B.Fab) (width 0.12))
    (fp_arc (start 0 2) (end -1 2) (angle -90) (layer B.Fab) (width 0.12))
    (fp_line (start -1 9) (end -1 10) (layer B.Fab) (width 0.12))
    (fp_line (start -1 1) (end -1 2) (layer B.Fab) (width 0.12))
    (fp_line (start 0 1) (end 0 1) (layer B.Fab) (width 0.12))
    (fp_line (start -0.4 0) (end -0.6 0.200001) (layer B.Fab) (width 0.12))
    (fp_line (start -1 -0.8) (end -1 -0.8) (layer B.Fab) (width 0.12))
    (fp_line (start -0.6 10.8) (end -0.4 11) (layer B.Fab) (width 0.12))
    (fp_line (start -1 11.8) (end -1 11.8) (layer B.Fab) (width 0.12))
    (fp_line (start 0 10) (end 0 10) (layer B.Fab) (width 0.12))
    (fp_line (start 0 2) (end 0 2) (layer B.Fab) (width 0.12))
    (fp_line (start 0 9) (end 0 9) (layer B.Fab) (width 0.12))
    (pad "" thru_hole circle (at -0.4 7.5) (size 0.8 0.8) (drill 0.6) (layers *.Cu *.Mask))
    (pad "" thru_hole circle (at -0.4 6.7) (size 0.8 0.8) (drill 0.4) (layers *.Cu *.Mask))
    (pad "" thru_hole circle (at -0.4 5.9) (size 0.8 0.8) (drill 0.4) (layers *.Cu *.Mask))
    (pad "" thru_hole circle (at -0.4 5.1) (size 0.8 0.8) (drill 0.4) (layers *.Cu *.Mask))
    (pad "" thru_hole circle (at -0.4 4.3) (size 0.8 0.8) (drill 0.4) (layers *.Cu *.Mask))
    (pad "" thru_hole circle (at -0.4 3.5 90) (size 0.8 0.8) (drill 0.6) (layers *.Cu *.Mask))
  )

  (module scooter-ps:mousebite (layer F.Cu) (tedit 5FB63191) (tstamp 5FB6CB34)
    (at 140.2 52.6)
    (fp_text reference REF** (at 2.4 4.8) (layer F.SilkS) hide
      (effects (font (size 1 1) (thickness 0.15)))
    )
    (fp_text value mousebite (at -0.1 -6.1) (layer F.Fab)
      (effects (font (size 1 1) (thickness 0.15)))
    )
    (fp_arc (start -1 11.8) (end 0 11.8) (angle -53.1) (layer B.Fab) (width 0.12))
    (fp_arc (start 0 10) (end -1 10) (angle -53.13010235) (layer B.Fab) (width 0.12))
    (fp_arc (start -1 -0.8) (end -0.4 -0.000001) (angle -53.13010235) (layer B.Fab) (width 0.12))
    (fp_arc (start 0 1) (end -0.6 0.200001) (angle -53.13010235) (layer B.Fab) (width 0.12))
    (fp_arc (start 0 9) (end 0 8) (angle -90) (layer B.Fab) (width 0.12))
    (fp_arc (start 0 2) (end -1 2) (angle -90) (layer B.Fab) (width 0.12))
    (fp_line (start -1 9) (end -1 10) (layer B.Fab) (width 0.12))
    (fp_line (start -1 1) (end -1 2) (layer B.Fab) (width 0.12))
    (fp_line (start 0 1) (end 0 1) (layer B.Fab) (width 0.12))
    (fp_line (start -0.4 0) (end -0.6 0.200001) (layer B.Fab) (width 0.12))
    (fp_line (start -1 -0.8) (end -1 -0.8) (layer B.Fab) (width 0.12))
    (fp_line (start -0.6 10.8) (end -0.4 11) (layer B.Fab) (width 0.12))
    (fp_line (start -1 11.8) (end -1 11.8) (layer B.Fab) (width 0.12))
    (fp_line (start 0 10) (end 0 10) (layer B.Fab) (width 0.12))
    (fp_line (start 0 2) (end 0 2) (layer B.Fab) (width 0.12))
    (fp_line (start 0 9) (end 0 9) (layer B.Fab) (width 0.12))
    (pad "" thru_hole circle (at -0.4 7.5) (size 0.8 0.8) (drill 0.6) (layers *.Cu *.Mask))
    (pad "" thru_hole circle (at -0.4 6.7) (size 0.8 0.8) (drill 0.4) (layers *.Cu *.Mask))
    (pad "" thru_hole circle (at -0.4 5.9) (size 0.8 0.8) (drill 0.4) (layers *.Cu *.Mask))
    (pad "" thru_hole circle (at -0.4 5.1) (size 0.8 0.8) (drill 0.4) (layers *.Cu *.Mask))
    (pad "" thru_hole circle (at -0.4 4.3) (size 0.8 0.8) (drill 0.4) (layers *.Cu *.Mask))
    (pad "" thru_hole circle (at -0.4 3.5 90) (size 0.8 0.8) (drill 0.6) (layers *.Cu *.Mask))
  )

  (module scooter-ps:mousebite (layer F.Cu) (tedit 5FB63191) (tstamp 5FB646A3)
    (at 135.2 68.2 270)
    (fp_text reference REF** (at 2.6 4.6 90) (layer F.SilkS) hide
      (effects (font (size 1 1) (thickness 0.15)))
    )
    (fp_text value mousebite (at -0.1 -6.1 90) (layer F.Fab)
      (effects (font (size 1 1) (thickness 0.15)))
    )
    (fp_arc (start -1 11.8) (end 0 11.8) (angle -53.1) (layer B.Fab) (width 0.12))
    (fp_arc (start 0 10) (end -1 10) (angle -53.13010235) (layer B.Fab) (width 0.12))
    (fp_arc (start -1 -0.8) (end -0.4 -0.000001) (angle -53.13010235) (layer B.Fab) (width 0.12))
    (fp_arc (start 0 1) (end -0.6 0.200001) (angle -53.13010235) (layer B.Fab) (width 0.12))
    (fp_arc (start 0 9) (end 0 8) (angle -90) (layer B.Fab) (width 0.12))
    (fp_arc (start 0 2) (end -1 2) (angle -90) (layer B.Fab) (width 0.12))
    (fp_line (start -1 9) (end -1 10) (layer B.Fab) (width 0.12))
    (fp_line (start -1 1) (end -1 2) (layer B.Fab) (width 0.12))
    (fp_line (start 0 1) (end 0 1) (layer B.Fab) (width 0.12))
    (fp_line (start -0.4 0) (end -0.6 0.200001) (layer B.Fab) (width 0.12))
    (fp_line (start -1 -0.8) (end -1 -0.8) (layer B.Fab) (width 0.12))
    (fp_line (start -0.6 10.8) (end -0.4 11) (layer B.Fab) (width 0.12))
    (fp_line (start -1 11.8) (end -1 11.8) (layer B.Fab) (width 0.12))
    (fp_line (start 0 10) (end 0 10) (layer B.Fab) (width 0.12))
    (fp_line (start 0 2) (end 0 2) (layer B.Fab) (width 0.12))
    (fp_line (start 0 9) (end 0 9) (layer B.Fab) (width 0.12))
    (pad "" thru_hole circle (at -0.4 7.5 270) (size 0.8 0.8) (drill 0.6) (layers *.Cu *.Mask))
    (pad "" thru_hole circle (at -0.4 6.7 270) (size 0.8 0.8) (drill 0.4) (layers *.Cu *.Mask))
    (pad "" thru_hole circle (at -0.4 5.9 270) (size 0.8 0.8) (drill 0.4) (layers *.Cu *.Mask))
    (pad "" thru_hole circle (at -0.4 5.1 270) (size 0.8 0.8) (drill 0.4) (layers *.Cu *.Mask))
    (pad "" thru_hole circle (at -0.4 4.3 270) (size 0.8 0.8) (drill 0.4) (layers *.Cu *.Mask))
    (pad "" thru_hole circle (at -0.4 3.5) (size 0.8 0.8) (drill 0.6) (layers *.Cu *.Mask))
  )

  (module scooter-ps:mousebite (layer F.Cu) (tedit 5FB63191) (tstamp 5FB6341D)
    (at 114.2 68.2 270)
    (fp_text reference REF** (at 2.6 5 90) (layer F.SilkS) hide
      (effects (font (size 1 1) (thickness 0.15)))
    )
    (fp_text value mousebite (at -0.1 -6.1 90) (layer F.Fab)
      (effects (font (size 1 1) (thickness 0.15)))
    )
    (fp_arc (start -1 11.8) (end 0 11.8) (angle -53.1) (layer B.Fab) (width 0.12))
    (fp_arc (start 0 10) (end -1 10) (angle -53.13010235) (layer B.Fab) (width 0.12))
    (fp_arc (start -1 -0.8) (end -0.4 -0.000001) (angle -53.13010235) (layer B.Fab) (width 0.12))
    (fp_arc (start 0 1) (end -0.6 0.200001) (angle -53.13010235) (layer B.Fab) (width 0.12))
    (fp_arc (start 0 9) (end 0 8) (angle -90) (layer B.Fab) (width 0.12))
    (fp_arc (start 0 2) (end -1 2) (angle -90) (layer B.Fab) (width 0.12))
    (fp_line (start -1 9) (end -1 10) (layer B.Fab) (width 0.12))
    (fp_line (start -1 1) (end -1 2) (layer B.Fab) (width 0.12))
    (fp_line (start 0 1) (end 0 1) (layer B.Fab) (width 0.12))
    (fp_line (start -0.4 0) (end -0.6 0.200001) (layer B.Fab) (width 0.12))
    (fp_line (start -1 -0.8) (end -1 -0.8) (layer B.Fab) (width 0.12))
    (fp_line (start -0.6 10.8) (end -0.4 11) (layer B.Fab) (width 0.12))
    (fp_line (start -1 11.8) (end -1 11.8) (layer B.Fab) (width 0.12))
    (fp_line (start 0 10) (end 0 10) (layer B.Fab) (width 0.12))
    (fp_line (start 0 2) (end 0 2) (layer B.Fab) (width 0.12))
    (fp_line (start 0 9) (end 0 9) (layer B.Fab) (width 0.12))
    (pad "" thru_hole circle (at -0.4 7.5 270) (size 0.8 0.8) (drill 0.6) (layers *.Cu *.Mask))
    (pad "" thru_hole circle (at -0.4 6.7 270) (size 0.8 0.8) (drill 0.4) (layers *.Cu *.Mask))
    (pad "" thru_hole circle (at -0.4 5.9 270) (size 0.8 0.8) (drill 0.4) (layers *.Cu *.Mask))
    (pad "" thru_hole circle (at -0.4 5.1 270) (size 0.8 0.8) (drill 0.4) (layers *.Cu *.Mask))
    (pad "" thru_hole circle (at -0.4 4.3 270) (size 0.8 0.8) (drill 0.4) (layers *.Cu *.Mask))
    (pad "" thru_hole circle (at -0.4 3.5) (size 0.8 0.8) (drill 0.6) (layers *.Cu *.Mask))
  )

  (module scooter-ps:mousebite (layer F.Cu) (tedit 5FB63191) (tstamp 5FB62E72)
    (at 98.2 63.6 180)
    (fp_text reference REF** (at 2.6 4.8) (layer F.SilkS) hide
      (effects (font (size 1 1) (thickness 0.15)))
    )
    (fp_text value mousebite (at -0.1 -6.1) (layer F.Fab)
      (effects (font (size 1 1) (thickness 0.15)))
    )
    (fp_arc (start -1 11.8) (end 0 11.8) (angle -53.1) (layer B.Fab) (width 0.12))
    (fp_arc (start 0 10) (end -1 10) (angle -53.13010235) (layer B.Fab) (width 0.12))
    (fp_arc (start -1 -0.8) (end -0.4 -0.000001) (angle -53.13010235) (layer B.Fab) (width 0.12))
    (fp_arc (start 0 1) (end -0.6 0.200001) (angle -53.13010235) (layer B.Fab) (width 0.12))
    (fp_arc (start 0 9) (end 0 8) (angle -90) (layer B.Fab) (width 0.12))
    (fp_arc (start 0 2) (end -1 2) (angle -90) (layer B.Fab) (width 0.12))
    (fp_line (start -1 9) (end -1 10) (layer B.Fab) (width 0.12))
    (fp_line (start -1 1) (end -1 2) (layer B.Fab) (width 0.12))
    (fp_line (start 0 1) (end 0 1) (layer B.Fab) (width 0.12))
    (fp_line (start -0.4 0) (end -0.6 0.200001) (layer B.Fab) (width 0.12))
    (fp_line (start -1 -0.8) (end -1 -0.8) (layer B.Fab) (width 0.12))
    (fp_line (start -0.6 10.8) (end -0.4 11) (layer B.Fab) (width 0.12))
    (fp_line (start -1 11.8) (end -1 11.8) (layer B.Fab) (width 0.12))
    (fp_line (start 0 10) (end 0 10) (layer B.Fab) (width 0.12))
    (fp_line (start 0 2) (end 0 2) (layer B.Fab) (width 0.12))
    (fp_line (start 0 9) (end 0 9) (layer B.Fab) (width 0.12))
    (pad "" thru_hole circle (at -0.4 7.5 180) (size 0.8 0.8) (drill 0.6) (layers *.Cu *.Mask))
    (pad "" thru_hole circle (at -0.4 6.7 180) (size 0.8 0.8) (drill 0.4) (layers *.Cu *.Mask))
    (pad "" thru_hole circle (at -0.4 5.9 180) (size 0.8 0.8) (drill 0.4) (layers *.Cu *.Mask))
    (pad "" thru_hole circle (at -0.4 5.1 180) (size 0.8 0.8) (drill 0.4) (layers *.Cu *.Mask))
    (pad "" thru_hole circle (at -0.4 4.3 180) (size 0.8 0.8) (drill 0.4) (layers *.Cu *.Mask))
    (pad "" thru_hole circle (at -0.4 3.5 270) (size 0.8 0.8) (drill 0.6) (layers *.Cu *.Mask))
  )

  (module scooter-ps:mousebite (layer F.Cu) (tedit 5FB63191) (tstamp 5FB62E29)
    (at 98.2 50.6 180)
    (fp_text reference REF** (at 2.8 4.8) (layer F.SilkS) hide
      (effects (font (size 1 1) (thickness 0.15)))
    )
    (fp_text value mousebite (at -0.1 -6.1) (layer F.Fab)
      (effects (font (size 1 1) (thickness 0.15)))
    )
    (fp_arc (start -1 11.8) (end 0 11.8) (angle -53.1) (layer B.Fab) (width 0.12))
    (fp_arc (start 0 10) (end -1 10) (angle -53.13010235) (layer B.Fab) (width 0.12))
    (fp_arc (start -1 -0.8) (end -0.4 -0.000001) (angle -53.13010235) (layer B.Fab) (width 0.12))
    (fp_arc (start 0 1) (end -0.6 0.200001) (angle -53.13010235) (layer B.Fab) (width 0.12))
    (fp_arc (start 0 9) (end 0 8) (angle -90) (layer B.Fab) (width 0.12))
    (fp_arc (start 0 2) (end -1 2) (angle -90) (layer B.Fab) (width 0.12))
    (fp_line (start -1 9) (end -1 10) (layer B.Fab) (width 0.12))
    (fp_line (start -1 1) (end -1 2) (layer B.Fab) (width 0.12))
    (fp_line (start 0 1) (end 0 1) (layer B.Fab) (width 0.12))
    (fp_line (start -0.4 0) (end -0.6 0.200001) (layer B.Fab) (width 0.12))
    (fp_line (start -1 -0.8) (end -1 -0.8) (layer B.Fab) (width 0.12))
    (fp_line (start -0.6 10.8) (end -0.4 11) (layer B.Fab) (width 0.12))
    (fp_line (start -1 11.8) (end -1 11.8) (layer B.Fab) (width 0.12))
    (fp_line (start 0 10) (end 0 10) (layer B.Fab) (width 0.12))
    (fp_line (start 0 2) (end 0 2) (layer B.Fab) (width 0.12))
    (fp_line (start 0 9) (end 0 9) (layer B.Fab) (width 0.12))
    (pad "" thru_hole circle (at -0.4 7.5 180) (size 0.8 0.8) (drill 0.6) (layers *.Cu *.Mask))
    (pad "" thru_hole circle (at -0.4 6.7 180) (size 0.8 0.8) (drill 0.4) (layers *.Cu *.Mask))
    (pad "" thru_hole circle (at -0.4 5.9 180) (size 0.8 0.8) (drill 0.4) (layers *.Cu *.Mask))
    (pad "" thru_hole circle (at -0.4 5.1 180) (size 0.8 0.8) (drill 0.4) (layers *.Cu *.Mask))
    (pad "" thru_hole circle (at -0.4 4.3 180) (size 0.8 0.8) (drill 0.4) (layers *.Cu *.Mask))
    (pad "" thru_hole circle (at -0.4 3.5 270) (size 0.8 0.8) (drill 0.6) (layers *.Cu *.Mask))
  )

  (module Capacitor_SMD:C_0603_1608Metric (layer F.Cu) (tedit 5B301BBE) (tstamp 5F4E11EA)
    (at 125.6 64.2125 90)
    (descr "Capacitor SMD 0603 (1608 Metric), square (rectangular) end terminal, IPC_7351 nominal, (Body size source: http://www.tortai-tech.com/upload/download/2011102023233369053.pdf), generated with kicad-footprint-generator")
    (tags capacitor)
    (path /5F470DF7)
    (attr smd)
    (fp_text reference C1 (at 2.0625 -0.2) (layer F.SilkS)
      (effects (font (size 1 1) (thickness 0.15)))
    )
    (fp_text value 47nF (at 0 1.43 90) (layer F.Fab)
      (effects (font (size 1 1) (thickness 0.15)))
    )
    (fp_line (start 1.48 0.73) (end -1.48 0.73) (layer F.CrtYd) (width 0.05))
    (fp_line (start 1.48 -0.73) (end 1.48 0.73) (layer F.CrtYd) (width 0.05))
    (fp_line (start -1.48 -0.73) (end 1.48 -0.73) (layer F.CrtYd) (width 0.05))
    (fp_line (start -1.48 0.73) (end -1.48 -0.73) (layer F.CrtYd) (width 0.05))
    (fp_line (start -0.162779 0.51) (end 0.162779 0.51) (layer F.SilkS) (width 0.12))
    (fp_line (start -0.162779 -0.51) (end 0.162779 -0.51) (layer F.SilkS) (width 0.12))
    (fp_line (start 0.8 0.4) (end -0.8 0.4) (layer F.Fab) (width 0.1))
    (fp_line (start 0.8 -0.4) (end 0.8 0.4) (layer F.Fab) (width 0.1))
    (fp_line (start -0.8 -0.4) (end 0.8 -0.4) (layer F.Fab) (width 0.1))
    (fp_line (start -0.8 0.4) (end -0.8 -0.4) (layer F.Fab) (width 0.1))
    (fp_text user %R (at 0 0 90) (layer F.Fab)
      (effects (font (size 0.4 0.4) (thickness 0.06)))
    )
    (pad 1 smd roundrect (at -0.7875 0 90) (size 0.875 0.95) (layers F.Cu F.Paste F.Mask) (roundrect_rratio 0.25)
      (net 1 "Net-(C1-Pad1)"))
    (pad 2 smd roundrect (at 0.7875 0 90) (size 0.875 0.95) (layers F.Cu F.Paste F.Mask) (roundrect_rratio 0.25)
      (net 2 GND))
    (model ${KISYS3DMOD}/Capacitor_SMD.3dshapes/C_0603_1608Metric.wrl
      (at (xyz 0 0 0))
      (scale (xyz 1 1 1))
      (rotate (xyz 0 0 0))
    )
  )

  (module Capacitor_SMD:C_0603_1608Metric (layer F.Cu) (tedit 5B301BBE) (tstamp 5F4E11FB)
    (at 117.4 58.9125 270)
    (descr "Capacitor SMD 0603 (1608 Metric), square (rectangular) end terminal, IPC_7351 nominal, (Body size source: http://www.tortai-tech.com/upload/download/2011102023233369053.pdf), generated with kicad-footprint-generator")
    (tags capacitor)
    (path /5F478187)
    (attr smd)
    (fp_text reference C2 (at -2.1 0 180) (layer F.SilkS)
      (effects (font (size 1 1) (thickness 0.15)))
    )
    (fp_text value 100nF (at 0 1.43 90) (layer F.Fab)
      (effects (font (size 1 1) (thickness 0.15)))
    )
    (fp_line (start -0.8 0.4) (end -0.8 -0.4) (layer F.Fab) (width 0.1))
    (fp_line (start -0.8 -0.4) (end 0.8 -0.4) (layer F.Fab) (width 0.1))
    (fp_line (start 0.8 -0.4) (end 0.8 0.4) (layer F.Fab) (width 0.1))
    (fp_line (start 0.8 0.4) (end -0.8 0.4) (layer F.Fab) (width 0.1))
    (fp_line (start -0.162779 -0.51) (end 0.162779 -0.51) (layer F.SilkS) (width 0.12))
    (fp_line (start -0.162779 0.51) (end 0.162779 0.51) (layer F.SilkS) (width 0.12))
    (fp_line (start -1.48 0.73) (end -1.48 -0.73) (layer F.CrtYd) (width 0.05))
    (fp_line (start -1.48 -0.73) (end 1.48 -0.73) (layer F.CrtYd) (width 0.05))
    (fp_line (start 1.48 -0.73) (end 1.48 0.73) (layer F.CrtYd) (width 0.05))
    (fp_line (start 1.48 0.73) (end -1.48 0.73) (layer F.CrtYd) (width 0.05))
    (fp_text user %R (at 0 0 90) (layer F.Fab)
      (effects (font (size 0.4 0.4) (thickness 0.06)))
    )
    (pad 2 smd roundrect (at 0.7875 0 270) (size 0.875 0.95) (layers F.Cu F.Paste F.Mask) (roundrect_rratio 0.25)
      (net 3 "Net-(C2-Pad2)"))
    (pad 1 smd roundrect (at -0.7875 0 270) (size 0.875 0.95) (layers F.Cu F.Paste F.Mask) (roundrect_rratio 0.25)
      (net 4 "Net-(C2-Pad1)"))
    (model ${KISYS3DMOD}/Capacitor_SMD.3dshapes/C_0603_1608Metric.wrl
      (at (xyz 0 0 0))
      (scale (xyz 1 1 1))
      (rotate (xyz 0 0 0))
    )
  )

  (module Capacitor_SMD:C_0603_1608Metric (layer F.Cu) (tedit 5B301BBE) (tstamp 5F4E120C)
    (at 119.65 52.5 270)
    (descr "Capacitor SMD 0603 (1608 Metric), square (rectangular) end terminal, IPC_7351 nominal, (Body size source: http://www.tortai-tech.com/upload/download/2011102023233369053.pdf), generated with kicad-footprint-generator")
    (tags capacitor)
    (path /5F47AD14)
    (attr smd)
    (fp_text reference C3 (at -2.5 0 270) (layer F.SilkS)
      (effects (font (size 1 1) (thickness 0.15)))
    )
    (fp_text value 1uF (at 0 1.43 90) (layer F.Fab)
      (effects (font (size 1 1) (thickness 0.15)))
    )
    (fp_line (start 1.48 0.73) (end -1.48 0.73) (layer F.CrtYd) (width 0.05))
    (fp_line (start 1.48 -0.73) (end 1.48 0.73) (layer F.CrtYd) (width 0.05))
    (fp_line (start -1.48 -0.73) (end 1.48 -0.73) (layer F.CrtYd) (width 0.05))
    (fp_line (start -1.48 0.73) (end -1.48 -0.73) (layer F.CrtYd) (width 0.05))
    (fp_line (start -0.162779 0.51) (end 0.162779 0.51) (layer F.SilkS) (width 0.12))
    (fp_line (start -0.162779 -0.51) (end 0.162779 -0.51) (layer F.SilkS) (width 0.12))
    (fp_line (start 0.8 0.4) (end -0.8 0.4) (layer F.Fab) (width 0.1))
    (fp_line (start 0.8 -0.4) (end 0.8 0.4) (layer F.Fab) (width 0.1))
    (fp_line (start -0.8 -0.4) (end 0.8 -0.4) (layer F.Fab) (width 0.1))
    (fp_line (start -0.8 0.4) (end -0.8 -0.4) (layer F.Fab) (width 0.1))
    (fp_text user %R (at 0 0 90) (layer F.Fab)
      (effects (font (size 0.4 0.4) (thickness 0.06)))
    )
    (pad 1 smd roundrect (at -0.7875 0 270) (size 0.875 0.95) (layers F.Cu F.Paste F.Mask) (roundrect_rratio 0.25)
      (net 5 +12V))
    (pad 2 smd roundrect (at 0.7875 0 270) (size 0.875 0.95) (layers F.Cu F.Paste F.Mask) (roundrect_rratio 0.25)
      (net 2 GND))
    (model ${KISYS3DMOD}/Capacitor_SMD.3dshapes/C_0603_1608Metric.wrl
      (at (xyz 0 0 0))
      (scale (xyz 1 1 1))
      (rotate (xyz 0 0 0))
    )
  )

  (module Capacitor_SMD:C_0805_2012Metric (layer F.Cu) (tedit 5B36C52B) (tstamp 5F4E121D)
    (at 117.85 52.5375 270)
    (descr "Capacitor SMD 0805 (2012 Metric), square (rectangular) end terminal, IPC_7351 nominal, (Body size source: https://docs.google.com/spreadsheets/d/1BsfQQcO9C6DZCsRaXUlFlo91Tg2WpOkGARC1WS5S8t0/edit?usp=sharing), generated with kicad-footprint-generator")
    (tags capacitor)
    (path /5F4E87A1)
    (attr smd)
    (fp_text reference C4 (at -2.7 0 270) (layer F.SilkS)
      (effects (font (size 1 1) (thickness 0.15)))
    )
    (fp_text value 22uF (at 0 1.65 90) (layer F.Fab)
      (effects (font (size 1 1) (thickness 0.15)))
    )
    (fp_line (start 1.68 0.95) (end -1.68 0.95) (layer F.CrtYd) (width 0.05))
    (fp_line (start 1.68 -0.95) (end 1.68 0.95) (layer F.CrtYd) (width 0.05))
    (fp_line (start -1.68 -0.95) (end 1.68 -0.95) (layer F.CrtYd) (width 0.05))
    (fp_line (start -1.68 0.95) (end -1.68 -0.95) (layer F.CrtYd) (width 0.05))
    (fp_line (start -0.258578 0.71) (end 0.258578 0.71) (layer F.SilkS) (width 0.12))
    (fp_line (start -0.258578 -0.71) (end 0.258578 -0.71) (layer F.SilkS) (width 0.12))
    (fp_line (start 1 0.6) (end -1 0.6) (layer F.Fab) (width 0.1))
    (fp_line (start 1 -0.6) (end 1 0.6) (layer F.Fab) (width 0.1))
    (fp_line (start -1 -0.6) (end 1 -0.6) (layer F.Fab) (width 0.1))
    (fp_line (start -1 0.6) (end -1 -0.6) (layer F.Fab) (width 0.1))
    (fp_text user %R (at 0 0 90) (layer F.Fab)
      (effects (font (size 0.5 0.5) (thickness 0.08)))
    )
    (pad 1 smd roundrect (at -0.9375 0 270) (size 0.975 1.4) (layers F.Cu F.Paste F.Mask) (roundrect_rratio 0.25)
      (net 5 +12V))
    (pad 2 smd roundrect (at 0.9375 0 270) (size 0.975 1.4) (layers F.Cu F.Paste F.Mask) (roundrect_rratio 0.25)
      (net 2 GND))
    (model ${KISYS3DMOD}/Capacitor_SMD.3dshapes/C_0805_2012Metric.wrl
      (at (xyz 0 0 0))
      (scale (xyz 1 1 1))
      (rotate (xyz 0 0 0))
    )
  )

  (module Capacitor_SMD:C_0805_2012Metric (layer F.Cu) (tedit 5B36C52B) (tstamp 5F4E122E)
    (at 111.85 52.5375 270)
    (descr "Capacitor SMD 0805 (2012 Metric), square (rectangular) end terminal, IPC_7351 nominal, (Body size source: https://docs.google.com/spreadsheets/d/1BsfQQcO9C6DZCsRaXUlFlo91Tg2WpOkGARC1WS5S8t0/edit?usp=sharing), generated with kicad-footprint-generator")
    (tags capacitor)
    (path /5F4E8AE1)
    (attr smd)
    (fp_text reference C5 (at -2.7375 0 270) (layer F.SilkS)
      (effects (font (size 1 1) (thickness 0.15)))
    )
    (fp_text value 22uF (at 0 1.65 90) (layer F.Fab)
      (effects (font (size 1 1) (thickness 0.15)))
    )
    (fp_line (start -1 0.6) (end -1 -0.6) (layer F.Fab) (width 0.1))
    (fp_line (start -1 -0.6) (end 1 -0.6) (layer F.Fab) (width 0.1))
    (fp_line (start 1 -0.6) (end 1 0.6) (layer F.Fab) (width 0.1))
    (fp_line (start 1 0.6) (end -1 0.6) (layer F.Fab) (width 0.1))
    (fp_line (start -0.258578 -0.71) (end 0.258578 -0.71) (layer F.SilkS) (width 0.12))
    (fp_line (start -0.258578 0.71) (end 0.258578 0.71) (layer F.SilkS) (width 0.12))
    (fp_line (start -1.68 0.95) (end -1.68 -0.95) (layer F.CrtYd) (width 0.05))
    (fp_line (start -1.68 -0.95) (end 1.68 -0.95) (layer F.CrtYd) (width 0.05))
    (fp_line (start 1.68 -0.95) (end 1.68 0.95) (layer F.CrtYd) (width 0.05))
    (fp_line (start 1.68 0.95) (end -1.68 0.95) (layer F.CrtYd) (width 0.05))
    (fp_text user %R (at 0 0 90) (layer F.Fab)
      (effects (font (size 0.5 0.5) (thickness 0.08)))
    )
    (pad 2 smd roundrect (at 0.9375 0 270) (size 0.975 1.4) (layers F.Cu F.Paste F.Mask) (roundrect_rratio 0.25)
      (net 2 GND))
    (pad 1 smd roundrect (at -0.9375 0 270) (size 0.975 1.4) (layers F.Cu F.Paste F.Mask) (roundrect_rratio 0.25)
      (net 5 +12V))
    (model ${KISYS3DMOD}/Capacitor_SMD.3dshapes/C_0805_2012Metric.wrl
      (at (xyz 0 0 0))
      (scale (xyz 1 1 1))
      (rotate (xyz 0 0 0))
    )
  )

  (module Capacitor_SMD:C_1206_3216Metric (layer F.Cu) (tedit 5B301BBE) (tstamp 5FB4E1C7)
    (at 109.9 58.2 90)
    (descr "Capacitor SMD 1206 (3216 Metric), square (rectangular) end terminal, IPC_7351 nominal, (Body size source: http://www.tortai-tech.com/upload/download/2011102023233369053.pdf), generated with kicad-footprint-generator")
    (tags capacitor)
    (path /5F4F6FC9)
    (attr smd)
    (fp_text reference C6 (at 3 -0.1 180) (layer F.SilkS)
      (effects (font (size 1 1) (thickness 0.15)))
    )
    (fp_text value 2.2uF (at 0 1.82 90) (layer F.Fab)
      (effects (font (size 1 1) (thickness 0.15)))
    )
    (fp_line (start 2.28 1.12) (end -2.28 1.12) (layer F.CrtYd) (width 0.05))
    (fp_line (start 2.28 -1.12) (end 2.28 1.12) (layer F.CrtYd) (width 0.05))
    (fp_line (start -2.28 -1.12) (end 2.28 -1.12) (layer F.CrtYd) (width 0.05))
    (fp_line (start -2.28 1.12) (end -2.28 -1.12) (layer F.CrtYd) (width 0.05))
    (fp_line (start -0.602064 0.91) (end 0.602064 0.91) (layer F.SilkS) (width 0.12))
    (fp_line (start -0.602064 -0.91) (end 0.602064 -0.91) (layer F.SilkS) (width 0.12))
    (fp_line (start 1.6 0.8) (end -1.6 0.8) (layer F.Fab) (width 0.1))
    (fp_line (start 1.6 -0.8) (end 1.6 0.8) (layer F.Fab) (width 0.1))
    (fp_line (start -1.6 -0.8) (end 1.6 -0.8) (layer F.Fab) (width 0.1))
    (fp_line (start -1.6 0.8) (end -1.6 -0.8) (layer F.Fab) (width 0.1))
    (fp_text user %R (at 0 0 90) (layer F.Fab)
      (effects (font (size 0.8 0.8) (thickness 0.12)))
    )
    (pad 1 smd roundrect (at -1.4 0 90) (size 1.25 1.75) (layers F.Cu F.Paste F.Mask) (roundrect_rratio 0.2)
      (net 6 VCC))
    (pad 2 smd roundrect (at 1.4 0 90) (size 1.25 1.75) (layers F.Cu F.Paste F.Mask) (roundrect_rratio 0.2)
      (net 2 GND))
    (model ${KISYS3DMOD}/Capacitor_SMD.3dshapes/C_1206_3216Metric.wrl
      (at (xyz 0 0 0))
      (scale (xyz 1 1 1))
      (rotate (xyz 0 0 0))
    )
  )

  (module Capacitor_SMD:C_1206_3216Metric (layer F.Cu) (tedit 5B301BBE) (tstamp 5F4E1250)
    (at 112.4 58.2 90)
    (descr "Capacitor SMD 1206 (3216 Metric), square (rectangular) end terminal, IPC_7351 nominal, (Body size source: http://www.tortai-tech.com/upload/download/2011102023233369053.pdf), generated with kicad-footprint-generator")
    (tags capacitor)
    (path /5F4F58E3)
    (attr smd)
    (fp_text reference C7 (at 3 0 180) (layer F.SilkS)
      (effects (font (size 1 1) (thickness 0.15)))
    )
    (fp_text value 2.2uF (at 0 1.82 90) (layer F.Fab)
      (effects (font (size 1 1) (thickness 0.15)))
    )
    (fp_line (start -1.6 0.8) (end -1.6 -0.8) (layer F.Fab) (width 0.1))
    (fp_line (start -1.6 -0.8) (end 1.6 -0.8) (layer F.Fab) (width 0.1))
    (fp_line (start 1.6 -0.8) (end 1.6 0.8) (layer F.Fab) (width 0.1))
    (fp_line (start 1.6 0.8) (end -1.6 0.8) (layer F.Fab) (width 0.1))
    (fp_line (start -0.602064 -0.91) (end 0.602064 -0.91) (layer F.SilkS) (width 0.12))
    (fp_line (start -0.602064 0.91) (end 0.602064 0.91) (layer F.SilkS) (width 0.12))
    (fp_line (start -2.28 1.12) (end -2.28 -1.12) (layer F.CrtYd) (width 0.05))
    (fp_line (start -2.28 -1.12) (end 2.28 -1.12) (layer F.CrtYd) (width 0.05))
    (fp_line (start 2.28 -1.12) (end 2.28 1.12) (layer F.CrtYd) (width 0.05))
    (fp_line (start 2.28 1.12) (end -2.28 1.12) (layer F.CrtYd) (width 0.05))
    (fp_text user %R (at 0 0 90) (layer F.Fab)
      (effects (font (size 0.8 0.8) (thickness 0.12)))
    )
    (pad 2 smd roundrect (at 1.4 0 90) (size 1.25 1.75) (layers F.Cu F.Paste F.Mask) (roundrect_rratio 0.2)
      (net 2 GND))
    (pad 1 smd roundrect (at -1.4 0 90) (size 1.25 1.75) (layers F.Cu F.Paste F.Mask) (roundrect_rratio 0.2)
      (net 6 VCC))
    (model ${KISYS3DMOD}/Capacitor_SMD.3dshapes/C_1206_3216Metric.wrl
      (at (xyz 0 0 0))
      (scale (xyz 1 1 1))
      (rotate (xyz 0 0 0))
    )
  )

  (module Capacitor_SMD:C_0805_2012Metric (layer F.Cu) (tedit 5B36C52B) (tstamp 5F4E1261)
    (at 114.8 57.8 90)
    (descr "Capacitor SMD 0805 (2012 Metric), square (rectangular) end terminal, IPC_7351 nominal, (Body size source: https://docs.google.com/spreadsheets/d/1BsfQQcO9C6DZCsRaXUlFlo91Tg2WpOkGARC1WS5S8t0/edit?usp=sharing), generated with kicad-footprint-generator")
    (tags capacitor)
    (path /5F4F514D)
    (attr smd)
    (fp_text reference C8 (at 2.4 0 180) (layer F.SilkS)
      (effects (font (size 1 1) (thickness 0.15)))
    )
    (fp_text value 470nF (at 0 1.65 90) (layer F.Fab)
      (effects (font (size 1 1) (thickness 0.15)))
    )
    (fp_line (start 1.68 0.95) (end -1.68 0.95) (layer F.CrtYd) (width 0.05))
    (fp_line (start 1.68 -0.95) (end 1.68 0.95) (layer F.CrtYd) (width 0.05))
    (fp_line (start -1.68 -0.95) (end 1.68 -0.95) (layer F.CrtYd) (width 0.05))
    (fp_line (start -1.68 0.95) (end -1.68 -0.95) (layer F.CrtYd) (width 0.05))
    (fp_line (start -0.258578 0.71) (end 0.258578 0.71) (layer F.SilkS) (width 0.12))
    (fp_line (start -0.258578 -0.71) (end 0.258578 -0.71) (layer F.SilkS) (width 0.12))
    (fp_line (start 1 0.6) (end -1 0.6) (layer F.Fab) (width 0.1))
    (fp_line (start 1 -0.6) (end 1 0.6) (layer F.Fab) (width 0.1))
    (fp_line (start -1 -0.6) (end 1 -0.6) (layer F.Fab) (width 0.1))
    (fp_line (start -1 0.6) (end -1 -0.6) (layer F.Fab) (width 0.1))
    (fp_text user %R (at 0 0 90) (layer F.Fab)
      (effects (font (size 0.5 0.5) (thickness 0.08)))
    )
    (pad 1 smd roundrect (at -0.9375 0 90) (size 0.975 1.4) (layers F.Cu F.Paste F.Mask) (roundrect_rratio 0.25)
      (net 6 VCC))
    (pad 2 smd roundrect (at 0.9375 0 90) (size 0.975 1.4) (layers F.Cu F.Paste F.Mask) (roundrect_rratio 0.25)
      (net 2 GND))
    (model ${KISYS3DMOD}/Capacitor_SMD.3dshapes/C_0805_2012Metric.wrl
      (at (xyz 0 0 0))
      (scale (xyz 1 1 1))
      (rotate (xyz 0 0 0))
    )
  )

  (module Capacitor_SMD:C_0805_2012Metric (layer F.Cu) (tedit 5B36C52B) (tstamp 5F4E1272)
    (at 113.85 52.5375 270)
    (descr "Capacitor SMD 0805 (2012 Metric), square (rectangular) end terminal, IPC_7351 nominal, (Body size source: https://docs.google.com/spreadsheets/d/1BsfQQcO9C6DZCsRaXUlFlo91Tg2WpOkGARC1WS5S8t0/edit?usp=sharing), generated with kicad-footprint-generator")
    (tags capacitor)
    (path /5F500360)
    (attr smd)
    (fp_text reference C9 (at -2.7375 0 270) (layer F.SilkS)
      (effects (font (size 1 1) (thickness 0.15)))
    )
    (fp_text value 22uF (at 0 1.65 90) (layer F.Fab)
      (effects (font (size 1 1) (thickness 0.15)))
    )
    (fp_line (start -1 0.6) (end -1 -0.6) (layer F.Fab) (width 0.1))
    (fp_line (start -1 -0.6) (end 1 -0.6) (layer F.Fab) (width 0.1))
    (fp_line (start 1 -0.6) (end 1 0.6) (layer F.Fab) (width 0.1))
    (fp_line (start 1 0.6) (end -1 0.6) (layer F.Fab) (width 0.1))
    (fp_line (start -0.258578 -0.71) (end 0.258578 -0.71) (layer F.SilkS) (width 0.12))
    (fp_line (start -0.258578 0.71) (end 0.258578 0.71) (layer F.SilkS) (width 0.12))
    (fp_line (start -1.68 0.95) (end -1.68 -0.95) (layer F.CrtYd) (width 0.05))
    (fp_line (start -1.68 -0.95) (end 1.68 -0.95) (layer F.CrtYd) (width 0.05))
    (fp_line (start 1.68 -0.95) (end 1.68 0.95) (layer F.CrtYd) (width 0.05))
    (fp_line (start 1.68 0.95) (end -1.68 0.95) (layer F.CrtYd) (width 0.05))
    (fp_text user %R (at 0 0 90) (layer F.Fab)
      (effects (font (size 0.5 0.5) (thickness 0.08)))
    )
    (pad 2 smd roundrect (at 0.9375 0 270) (size 0.975 1.4) (layers F.Cu F.Paste F.Mask) (roundrect_rratio 0.25)
      (net 2 GND))
    (pad 1 smd roundrect (at -0.9375 0 270) (size 0.975 1.4) (layers F.Cu F.Paste F.Mask) (roundrect_rratio 0.25)
      (net 5 +12V))
    (model ${KISYS3DMOD}/Capacitor_SMD.3dshapes/C_0805_2012Metric.wrl
      (at (xyz 0 0 0))
      (scale (xyz 1 1 1))
      (rotate (xyz 0 0 0))
    )
  )

  (module Capacitor_SMD:C_0805_2012Metric (layer F.Cu) (tedit 5B36C52B) (tstamp 5F4E1283)
    (at 115.85 52.5375 270)
    (descr "Capacitor SMD 0805 (2012 Metric), square (rectangular) end terminal, IPC_7351 nominal, (Body size source: https://docs.google.com/spreadsheets/d/1BsfQQcO9C6DZCsRaXUlFlo91Tg2WpOkGARC1WS5S8t0/edit?usp=sharing), generated with kicad-footprint-generator")
    (tags capacitor)
    (path /5F501684)
    (attr smd)
    (fp_text reference C10 (at -3.1625 0 90) (layer F.SilkS)
      (effects (font (size 1 1) (thickness 0.15)))
    )
    (fp_text value 22uF (at 0 1.65 90) (layer F.Fab)
      (effects (font (size 1 1) (thickness 0.15)))
    )
    (fp_line (start 1.68 0.95) (end -1.68 0.95) (layer F.CrtYd) (width 0.05))
    (fp_line (start 1.68 -0.95) (end 1.68 0.95) (layer F.CrtYd) (width 0.05))
    (fp_line (start -1.68 -0.95) (end 1.68 -0.95) (layer F.CrtYd) (width 0.05))
    (fp_line (start -1.68 0.95) (end -1.68 -0.95) (layer F.CrtYd) (width 0.05))
    (fp_line (start -0.258578 0.71) (end 0.258578 0.71) (layer F.SilkS) (width 0.12))
    (fp_line (start -0.258578 -0.71) (end 0.258578 -0.71) (layer F.SilkS) (width 0.12))
    (fp_line (start 1 0.6) (end -1 0.6) (layer F.Fab) (width 0.1))
    (fp_line (start 1 -0.6) (end 1 0.6) (layer F.Fab) (width 0.1))
    (fp_line (start -1 -0.6) (end 1 -0.6) (layer F.Fab) (width 0.1))
    (fp_line (start -1 0.6) (end -1 -0.6) (layer F.Fab) (width 0.1))
    (fp_text user %R (at 0 0 90) (layer F.Fab)
      (effects (font (size 0.5 0.5) (thickness 0.08)))
    )
    (pad 1 smd roundrect (at -0.9375 0 270) (size 0.975 1.4) (layers F.Cu F.Paste F.Mask) (roundrect_rratio 0.25)
      (net 5 +12V))
    (pad 2 smd roundrect (at 0.9375 0 270) (size 0.975 1.4) (layers F.Cu F.Paste F.Mask) (roundrect_rratio 0.25)
      (net 2 GND))
    (model ${KISYS3DMOD}/Capacitor_SMD.3dshapes/C_0805_2012Metric.wrl
      (at (xyz 0 0 0))
      (scale (xyz 1 1 1))
      (rotate (xyz 0 0 0))
    )
  )

  (module Diode_SMD:D_SMA (layer F.Cu) (tedit 586432E5) (tstamp 5F4E129B)
    (at 122.8 58.25 180)
    (descr "Diode SMA (DO-214AC)")
    (tags "Diode SMA (DO-214AC)")
    (path /5F477304)
    (attr smd)
    (fp_text reference D1 (at 0.1 2.6) (layer F.SilkS)
      (effects (font (size 1 1) (thickness 0.15)))
    )
    (fp_text value D_Shockley (at 0 2.6) (layer F.Fab)
      (effects (font (size 1 1) (thickness 0.15)))
    )
    (fp_line (start -3.4 -1.65) (end 2 -1.65) (layer F.SilkS) (width 0.12))
    (fp_line (start -3.4 1.65) (end 2 1.65) (layer F.SilkS) (width 0.12))
    (fp_line (start -0.64944 0.00102) (end 0.50118 -0.79908) (layer F.Fab) (width 0.1))
    (fp_line (start -0.64944 0.00102) (end 0.50118 0.75032) (layer F.Fab) (width 0.1))
